[
    [
        0,
        0,
        0,
        255,
        0,
        0
    ],
    [
        20,
        20,
        150,
        0,
        4,
        24
    ],
    [
        35,
        29,
        131,
        0,
        4,
        46
    ],
    [
        26,
        26,
        108,
        0,
        4,
        47
    ],
    [
        20,
        21,
        146,
        0,
        4,
        57
    ],
    [
        32,
        36,
        90,
        0,
        0,
        5
    ],
    [
        32,
        35,
        116,
        0,
        0,
        6
    ],
    [
        32,
        34,
        120,
        0,
        0,
        7
    ],
    [
        32,
        32,
        96,
        0,
        0,
        8
    ],
    [
        33,
        31,
        82,
        0,
        0,
        9
    ],
    [
        20,
        19,
        142,
        0,
        4,
        41
    ],
    [
        19,
        16,
        169,
        0,
        4,
        56
    ],
    [
        33,
        29,
        87,
        0,
        0,
        1
    ],
    [
        32,
        28,
        91,
        0,
        0,
        2
    ],
    [
        30,
        28,
        101,
        0,
        0,
        10
    ],
    [
        28,
        28,
        104,
        0,
        0,
        26
    ],
    [
        26,
        28,
        112,
        0,
        0,
        28
    ],
    [
        24,
        27,
        120,
        0,
        0,
        38
    ],
    [
        17,
        12,
        182,
        0,
        4,
        3
    ],
    [
        14,
        11,
        130,
        0,
        4,
        14
    ],
    [
        14,
        9,
        142,
        0,
        4,
        48
    ],
    [
        24,
        28,
        140,
        0,
        0,
        49
    ],
    [
        24,
        26,
        124,
        0,
        0,
        4
    ],
    [
        24,
        24,
        119,
        0,
        0,
        17
    ],
    [
        23,
        23,
        111,
        0,
        0,
        29
    ],
    [
        19,
        15,
        97,
        0,
        48,
        1
    ],
    [
        19,
        13,
        96,
        0,
        48,
        2
    ],
    [
        18,
        12,
        92,
        0,
        48,
        4
    ],
    [
        14,
        12,
        125,
        0,
        0,
        11
    ],
    [
        14,
        10,
        131,
        0,
        0,
        30
    ],
    [
        14,
        8,
        106,
        0,
        0,
        54
    ],
    [
        35,
        38,
        112,
        0,
        32,
        2
    ],
    [
        36,
        37,
        104,
        0,
        32,
        4
    ],
    [
        19,
        14,
        201,
        2,
        4,
        40
    ],
    [
        20,
        18,
        98,
        3,
        84,
        1
    ],
    [
        22,
        23,
        110,
        4,
        0,
        27
    ],
    [
        21,
        22,
        95,
        5,
        0,
        23
    ],
    [
        16,
        12,
        52,
        6,
        48,
        5
    ],
    [
        20,
        17,
        97,
        7,
        0,
        12
    ],
    [
        20,
        1,
        106,
        8,
        0,
        13
    ],
    [
        19,
        0,
        101,
        9,
        0,
        34
    ],
    [
        18,
        3,
        96,
        10,
        0,
        35
    ],
    [
        17,
        2,
        55,
        11,
        64,
        4
    ],
    [
        27,
        26,
        102,
        0,
        3,
        1
    ],
    [
        22,
        20,
        138,
        0,
        3,
        2
    ],
    [
        16,
        10,
        142,
        0,
        3,
        3
    ],
    [
        20,
        2,
        124,
        0,
        3,
        4
    ],
    [
        20,
        15,
        115,
        0,
        3,
        5
    ],
    [
        20,
        28,
        242,
        0,
        129,
        1
    ],
    [
        21,
        29,
        128,
        0,
        133,
        2
    ],
    [
        32,
        37,
        104,
        0,
        128,
        19
    ],
    [
        31,
        34,
        92,
        0,
        128,
        18
    ],
    [
        31,
        35,
        84,
        0,
        134,
        1
    ],
    [
        31,
        32,
        138,
        0,
        128,
        27
    ],
    [
        31,
        33,
        114,
        0,
        133,
        10
    ],
    [
        31,
        31,
        147,
        0,
        128,
        22
    ],
    [
        32,
        31,
        132,
        0,
        128,
        21
    ],
    [
        32,
        30,
        136,
        0,
        128,
        13
    ],
    [
        28,
        30,
        141,
        0,
        133,
        6
    ],
    [
        33,
        36,
        236,
        0,
        129,
        9
    ],
    [
        32,
        29,
        141,
        0,
        128,
        8
    ],
    [
        31,
        29,
        137,
        0,
        128,
        11
    ],
    [
        30,
        29,
        125,
        0,
        133,
        1
    ],
    [
        29,
        29,
        135,
        0,
        133,
        7
    ],
    [
        28,
        29,
        130,
        0,
        128,
        3
    ],
    [
        27,
        29,
        122,
        0,
        128,
        4
    ],
    [
        26,
        29,
        105,
        0,
        128,
        10
    ],
    [
        25,
        29,
        101,
        0,
        133,
        5
    ],
    [
        24,
        29,
        126,
        0,
        133,
        8
    ],
    [
        23,
        29,
        115,
        0,
        134,
        3
    ],
    [
        23,
        28,
        119,
        0,
        134,
        6
    ],
    [
        23,
        27,
        123,
        0,
        128,
        5
    ],
    [
        23,
        26,
        124,
        0,
        128,
        6
    ],
    [
        23,
        25,
        118,
        0,
        128,
        12
    ],
    [
        23,
        24,
        128,
        0,
        128,
        26
    ],
    [
        22,
        24,
        136,
        1,
        128,
        14
    ],
    [
        21,
        24,
        137,
        1,
        128,
        15
    ],
    [
        21,
        23,
        121,
        2,
        128,
        20
    ],
    [
        20,
        23,
        126,
        3,
        128,
        24
    ],
    [
        20,
        22,
        122,
        3,
        128,
        40
    ],
    [
        19,
        22,
        113,
        4,
        128,
        29
    ],
    [
        19,
        21,
        112,
        4,
        128,
        30
    ],
    [
        19,
        20,
        121,
        5,
        128,
        31
    ],
    [
        19,
        19,
        111,
        5,
        128,
        32
    ],
    [
        19,
        18,
        104,
        0,
        128,
        2
    ],
    [
        33,
        37,
        108,
        0,
        129,
        8
    ],
    [
        19,
        17,
        115,
        0,
        133,
        3
    ],
    [
        18,
        16,
        112,
        0,
        133,
        4
    ],
    [
        18,
        15,
        108,
        0,
        133,
        11
    ],
    [
        14,
        19,
        112,
        0,
        134,
        5
    ],
    [
        13,
        16,
        126,
        0,
        128,
        9
    ],
    [
        17,
        14,
        136,
        0,
        133,
        12
    ],
    [
        16,
        14,
        108,
        0,
        134,
        4
    ],
    [
        15,
        14,
        119,
        0,
        134,
        2
    ],
    [
        14,
        14,
        117,
        1,
        128,
        7
    ],
    [
        31,
        37,
        121,
        1,
        129,
        2
    ],
    [
        31,
        36,
        110,
        1,
        129,
        4
    ],
    [
        13,
        13,
        110,
        6,
        128,
        41
    ],
    [
        13,
        12,
        105,
        8,
        128,
        42
    ],
    [
        13,
        11,
        127,
        10,
        128,
        43
    ],
    [
        13,
        10,
        126,
        2,
        128,
        16
    ],
    [
        13,
        9,
        119,
        2,
        128,
        56
    ],
    [
        13,
        8,
        122,
        6,
        128,
        33
    ],
    [
        13,
        7,
        113,
        5,
        246,
        1
    ],
    [
        30,
        30,
        123,
        5,
        128,
        34
    ],
    [
        19,
        25,
        124,
        2,
        128,
        35
    ],
    [
        17,
        23,
        121,
        3,
        128,
        28
    ],
    [
        14,
        18,
        118,
        3,
        128,
        25
    ],
    [
        15,
        21,
        112,
        3,
        128,
        23
    ],
    [
        20,
        0,
        70,
        4,
        129,
        7
    ],
    [
        12,
        4,
        160,
        5,
        129,
        11
    ],
    [
        12,
        8,
        138,
        6,
        129,
        10
    ],
    [
        6,
        15,
        230,
        2,
        129,
        3
    ],
    [
        16,
        3,
        192,
        2,
        129,
        5
    ],
    [
        0,
        20,
        144,
        9,
        128,
        17
    ],
    [
        0,
        12,
        133,
        12,
        128,
        44
    ],
    [
        0,
        30,
        135,
        10,
        128,
        45
    ],
    [
        0,
        10,
        137,
        18,
        128,
        46
    ],
    [
        0,
        6,
        141,
        11,
        128,
        47
    ],
    [
        0,
        22,
        128,
        15,
        128,
        48
    ],
    [
        0,
        15,
        157,
        13,
        133,
        9
    ],
    [
        0,
        24,
        124,
        19,
        133,
        13
    ],
    [
        0,
        16,
        159,
        20,
        133,
        14
    ],
    [
        0,
        18,
        129,
        22,
        133,
        15
    ],
    [
        0,
        35,
        135,
        24,
        133,
        16
    ],
    [
        0,
        10,
        123,
        11,
        134,
        7
    ],
    [
        0,
        20,
        167,
        10,
        128,
        37
    ],
    [
        0,
        26,
        149,
        7,
        128,
        43
    ],
    [
        0,
        5,
        139,
        6,
        128,
        49
    ],
    [
        0,
        11,
        138,
        8,
        128,
        50
    ],
    [
        0,
        14,
        153,
        11,
        128,
        52
    ],
    [
        0,
        22,
        165,
        9,
        128,
        54
    ],
    [
        0,
        33,
        124,
        12,
        128,
        55
    ],
    [
        0,
        19,
        178,
        3,
        240,
        1
    ],
    [
        0,
        8,
        150,
        9,
        240,
        2
    ],
    [
        0,
        28,
        141,
        13,
        240,
        3
    ],
    [
        0,
        15,
        206,
        14,
        240,
        4
    ],
    [
        0,
        13,
        150,
        1,
        128,
        79
    ],
    [
        0,
        35,
        132,
        2,
        133,
        18
    ],
    [
        0,
        6,
        149,
        3,
        133,
        19
    ],
    [
        0,
        10,
        161,
        4,
        128,
        95
    ],
    [
        0,
        30,
        152,
        5,
        133,
        20
    ],
    [
        0,
        15,
        141,
        6,
        128,
        67
    ],
    [
        0,
        25,
        137,
        7,
        128,
        66
    ],
    [
        0,
        11,
        176,
        8,
        133,
        28
    ],
    [
        0,
        22,
        219,
        7,
        128,
        39
    ],
    [
        0,
        19,
        192,
        12,
        128,
        59
    ],
    [
        0,
        30,
        195,
        6,
        128,
        60
    ],
    [
        0,
        21,
        233,
        10,
        128,
        61
    ],
    [
        0,
        15,
        244,
        11,
        246,
        2
    ],
    [
        0,
        7,
        223,
        12,
        133,
        31
    ],
    [
        0,
        28,
        227,
        13,
        245,
        1
    ],
    [
        0,
        10,
        245,
        14,
        240,
        5
    ],
    [
        0,
        33,
        242,
        15,
        133,
        32
    ],
    [
        0,
        12,
        229,
        16,
        240,
        6
    ],
    [
        0,
        26,
        251,
        17,
        133,
        33
    ],
    [
        0,
        14,
        246,
        18,
        133,
        34
    ],
    [
        0,
        24,
        235,
        19,
        128,
        38
    ],
    [
        0,
        16,
        237,
        20,
        128,
        36
    ],
    [
        0,
        6,
        221,
        21,
        133,
        8
    ],
    [
        0,
        35,
        236,
        21,
        133,
        12
    ],
    [
        0,
        10,
        203,
        22,
        240,
        7
    ],
    [
        0,
        30,
        202,
        23,
        240,
        8
    ],
    [
        0,
        19,
        222,
        23,
        133,
        11
    ],
    [
        0,
        37,
        204,
        24,
        240,
        9
    ],
    [
        0,
        23,
        215,
        25,
        240,
        10
    ],
    [
        0,
        31,
        245,
        25,
        133,
        7
    ]
]