[
    [
        0,
        0,
        0,
        255,
        0,
        0
    ],
    [
        40,
        20,
        223,
        0,
        4,
        24
    ],
    [
        40,
        18,
        192,
        0,
        4,
        46
    ],
    [
        40,
        17,
        199,
        0,
        4,
        47
    ],
    [
        40,
        16,
        184,
        0,
        4,
        57
    ],
    [
        41,
        20,
        136,
        0,
        0,
        5
    ],
    [
        40,
        19,
        127,
        0,
        0,
        6
    ],
    [
        41,
        18,
        150,
        0,
        0,
        7
    ],
    [
        41,
        17,
        129,
        0,
        0,
        8
    ],
    [
        41,
        16,
        136,
        0,
        0,
        9
    ],
    [
        41,
        23,
        198,
        0,
        4,
        41
    ],
    [
        40,
        22,
        194,
        0,
        4,
        56
    ],
    [
        40,
        21,
        129,
        0,
        0,
        1
    ],
    [
        41,
        21,
        123,
        0,
        0,
        2
    ],
    [
        41,
        22,
        101,
        0,
        0,
        10
    ],
    [
        42,
        22,
        104,
        0,
        0,
        26
    ],
    [
        42,
        23,
        112,
        0,
        0,
        28
    ],
    [
        42,
        24,
        120,
        0,
        0,
        38
    ],
    [
        40,
        15,
        202,
        0,
        4,
        3
    ],
    [
        41,
        14,
        195,
        0,
        4,
        14
    ],
    [
        42,
        13,
        191,
        0,
        4,
        48
    ],
    [
        42,
        14,
        140,
        0,
        0,
        49
    ],
    [
        42,
        12,
        142,
        0,
        0,
        4
    ],
    [
        43,
        13,
        119,
        0,
        0,
        17
    ],
    [
        41,
        15,
        111,
        0,
        0,
        29
    ],
    [
        30,
        2,
        97,
        0,
        48,
        1
    ],
    [
        30,
        3,
        96,
        0,
        48,
        2
    ],
    [
        31,
        4,
        92,
        0,
        48,
        4
    ],
    [
        33,
        6,
        125,
        0,
        0,
        11
    ],
    [
        35,
        7,
        131,
        0,
        0,
        30
    ],
    [
        37,
        8,
        106,
        0,
        0,
        54
    ],
    [
        35,
        38,
        112,
        0,
        32,
        2
    ],
    [
        36,
        37,
        104,
        0,
        32,
        4
    ],
    [
        45,
        20,
        210,
        2,
        4,
        40
    ],
    [
        38,
        8,
        98,
        3,
        84,
        1
    ],
    [
        45,
        15,
        97,
        4,
        0,
        27
    ],
    [
        45,
        16,
        95,
        5,
        0,
        23
    ],
    [
        31,
        1,
        52,
        6,
        48,
        5
    ],
    [
        45,
        17,
        97,
        7,
        0,
        12
    ],
    [
        45,
        18,
        109,
        8,
        0,
        13
    ],
    [
        45,
        20,
        98,
        9,
        0,
        34
    ],
    [
        45,
        19,
        96,
        10,
        0,
        35
    ],
    [
        32,
        1,
        55,
        11,
        64,
        4
    ],
    [
        44,
        20,
        219,
        0,
        3,
        1
    ],
    [
        44,
        18,
        183,
        0,
        3,
        2
    ],
    [
        44,
        17,
        206,
        0,
        3,
        3
    ],
    [
        44,
        16,
        237,
        0,
        3,
        4
    ],
    [
        44,
        14,
        191,
        0,
        3,
        5
    ],
    [
        20,
        28,
        185,
        0,
        129,
        1
    ],
    [
        21,
        28,
        62,
        0,
        133,
        2
    ],
    [
        21,
        27,
        104,
        0,
        128,
        19
    ],
    [
        30,
        14,
        101,
        0,
        128,
        18
    ],
    [
        30,
        13,
        67,
        0,
        134,
        1
    ],
    [
        39,
        28,
        104,
        0,
        128,
        27
    ],
    [
        38,
        28,
        84,
        0,
        133,
        10
    ],
    [
        23,
        31,
        127,
        0,
        128,
        22
    ],
    [
        19,
        24,
        112,
        0,
        128,
        21
    ],
    [
        34,
        22,
        111,
        0,
        128,
        13
    ],
    [
        34,
        21,
        91,
        0,
        133,
        6
    ],
    [
        31,
        34,
        79,
        0,
        129,
        9
    ],
    [
        41,
        24,
        118,
        0,
        128,
        8
    ],
    [
        40,
        23,
        137,
        0,
        128,
        11
    ],
    [
        39,
        23,
        70,
        0,
        133,
        1
    ],
    [
        42,
        25,
        85,
        0,
        133,
        7
    ],
    [
        39,
        20,
        130,
        0,
        128,
        3
    ],
    [
        39,
        22,
        91,
        0,
        128,
        4
    ],
    [
        39,
        18,
        131,
        0,
        128,
        10
    ],
    [
        39,
        17,
        71,
        0,
        133,
        5
    ],
    [
        39,
        21,
        86,
        0,
        133,
        8
    ],
    [
        37,
        20,
        75,
        0,
        134,
        3
    ],
    [
        39,
        19,
        90,
        0,
        134,
        6
    ],
    [
        39,
        16,
        123,
        0,
        128,
        5
    ],
    [
        39,
        15,
        124,
        0,
        128,
        6
    ],
    [
        40,
        14,
        151,
        0,
        128,
        12
    ],
    [
        41,
        13,
        128,
        0,
        128,
        26
    ],
    [
        32,
        22,
        76,
        1,
        128,
        14
    ],
    [
        26,
        23,
        97,
        1,
        128,
        15
    ],
    [
        29,
        33,
        121,
        2,
        128,
        20
    ],
    [
        28,
        30,
        106,
        3,
        128,
        24
    ],
    [
        21,
        20,
        122,
        3,
        128,
        40
    ],
    [
        21,
        28,
        127,
        4,
        128,
        29
    ],
    [
        21,
        33,
        129,
        4,
        128,
        30
    ],
    [
        20,
        27,
        105,
        5,
        128,
        31
    ],
    [
        20,
        30,
        111,
        5,
        128,
        32
    ],
    [
        27,
        6,
        84,
        0,
        128,
        2
    ],
    [
        33,
        37,
        108,
        0,
        129,
        8
    ],
    [
        41,
        12,
        89,
        0,
        133,
        3
    ],
    [
        39,
        11,
        94,
        0,
        133,
        4
    ],
    [
        36,
        9,
        98,
        0,
        133,
        11
    ],
    [
        34,
        8,
        82,
        0,
        134,
        5
    ],
    [
        32,
        6,
        126,
        0,
        128,
        9
    ],
    [
        35,
        9,
        101,
        0,
        133,
        12
    ],
    [
        30,
        4,
        91,
        0,
        134,
        4
    ],
    [
        28,
        2,
        84,
        0,
        134,
        2
    ],
    [
        25,
        6,
        88,
        1,
        128,
        7
    ],
    [
        29,
        14,
        91,
        1,
        129,
        2
    ],
    [
        33,
        36,
        99,
        1,
        129,
        4
    ],
    [
        24,
        38,
        110,
        6,
        128,
        41
    ],
    [
        23,
        38,
        105,
        8,
        128,
        42
    ],
    [
        20,
        38,
        97,
        10,
        128,
        43
    ],
    [
        21,
        8,
        126,
        2,
        128,
        16
    ],
    [
        0,
        28,
        119,
        2,
        128,
        56
    ],
    [
        12,
        8,
        122,
        6,
        128,
        33
    ],
    [
        21,
        29,
        113,
        5,
        246,
        1
    ],
    [
        25,
        30,
        97,
        5,
        128,
        34
    ],
    [
        38,
        30,
        99,
        2,
        128,
        35
    ],
    [
        21,
        22,
        121,
        3,
        128,
        28
    ],
    [
        12,
        8,
        118,
        3,
        128,
        25
    ],
    [
        20,
        13,
        112,
        3,
        128,
        23
    ],
    [
        29,
        32,
        108,
        4,
        129,
        7
    ],
    [
        27,
        31,
        123,
        5,
        129,
        11
    ],
    [
        15,
        3,
        138,
        6,
        129,
        10
    ],
    [
        21,
        3,
        126,
        2,
        129,
        3
    ],
    [
        20,
        3,
        119,
        2,
        129,
        5
    ],
    [
        21,
        14,
        144,
        9,
        128,
        17
    ],
    [
        15,
        38,
        133,
        12,
        128,
        44
    ],
    [
        0,
        20,
        135,
        10,
        128,
        45
    ],
    [
        0,
        8,
        137,
        18,
        128,
        46
    ],
    [
        0,
        18,
        141,
        11,
        128,
        47
    ],
    [
        0,
        10,
        128,
        15,
        128,
        48
    ],
    [
        0,
        14,
        157,
        13,
        133,
        9
    ],
    [
        0,
        33,
        124,
        19,
        133,
        13
    ],
    [
        0,
        11,
        159,
        20,
        133,
        14
    ],
    [
        0,
        15,
        129,
        22,
        133,
        15
    ],
    [
        0,
        20,
        135,
        24,
        133,
        16
    ],
    [
        0,
        10,
        123,
        11,
        134,
        7
    ],
    [
        0,
        10,
        167,
        10,
        128,
        37
    ],
    [
        0,
        32,
        149,
        7,
        128,
        43
    ],
    [
        0,
        11,
        139,
        6,
        128,
        49
    ],
    [
        0,
        25,
        138,
        8,
        128,
        50
    ],
    [
        0,
        12,
        153,
        11,
        128,
        52
    ],
    [
        0,
        23,
        165,
        9,
        128,
        54
    ],
    [
        0,
        13,
        124,
        12,
        128,
        55
    ],
    [
        0,
        31,
        178,
        3,
        240,
        1
    ],
    [
        0,
        15,
        150,
        9,
        240,
        2
    ],
    [
        0,
        27,
        141,
        13,
        240,
        3
    ],
    [
        0,
        17,
        206,
        14,
        240,
        4
    ],
    [
        0,
        7,
        130,
        1,
        128,
        79
    ],
    [
        0,
        10,
        112,
        2,
        133,
        18
    ],
    [
        0,
        8,
        139,
        3,
        133,
        19
    ],
    [
        0,
        9,
        113,
        4,
        128,
        95
    ],
    [
        0,
        18,
        152,
        5,
        133,
        20
    ],
    [
        0,
        16,
        131,
        6,
        128,
        67
    ],
    [
        0,
        12,
        127,
        7,
        128,
        66
    ],
    [
        0,
        14,
        166,
        8,
        133,
        28
    ],
    [
        0,
        25,
        219,
        7,
        128,
        39
    ],
    [
        0,
        11,
        202,
        12,
        128,
        59
    ],
    [
        0,
        23,
        185,
        6,
        128,
        60
    ],
    [
        0,
        19,
        233,
        10,
        128,
        61
    ],
    [
        0,
        21,
        244,
        11,
        246,
        2
    ],
    [
        0,
        33,
        223,
        12,
        133,
        31
    ],
    [
        0,
        28,
        237,
        13,
        245,
        1
    ],
    [
        0,
        13,
        245,
        14,
        240,
        5
    ],
    [
        0,
        26,
        242,
        15,
        133,
        32
    ],
    [
        0,
        10,
        239,
        16,
        240,
        6
    ],
    [
        0,
        29,
        251,
        17,
        133,
        33
    ],
    [
        0,
        35,
        246,
        18,
        133,
        34
    ],
    [
        0,
        27,
        235,
        19,
        128,
        38
    ],
    [
        0,
        22,
        247,
        20,
        128,
        36
    ],
    [
        0,
        32,
        241,
        21,
        133,
        8
    ],
    [
        0,
        26,
        236,
        21,
        133,
        12
    ],
    [
        0,
        8,
        223,
        22,
        240,
        7
    ],
    [
        0,
        28,
        202,
        23,
        240,
        8
    ],
    [
        0,
        16,
        222,
        23,
        133,
        11
    ],
    [
        0,
        12,
        224,
        24,
        240,
        9
    ],
    [
        0,
        30,
        235,
        25,
        240,
        10
    ],
    [
        0,
        24,
        225,
        25,
        133,
        7
    ]
]