[
    [
        0,
        0,
        0,
        255,
        0,
        0
    ],
    [
        40,
        20,
        203,
        0,
        3,
        24
    ],
    [
        40,
        19,
        205,
        255,
        3,
        39
    ],
    [
        40,
        18,
        192,
        0,
        3,
        46
    ],
    [
        40,
        17,
        199,
        0,
        3,
        47
    ],
    [
        40,
        16,
        184,
        0,
        3,
        57
    ],
    [
        41,
        20,
        136,
        0,
        0,
        5
    ],
    [
        40,
        19,
        127,
        0,
        0,
        6
    ],
    [
        41,
        18,
        150,
        0,
        0,
        7
    ],
    [
        41,
        17,
        129,
        0,
        0,
        8
    ],
    [
        41,
        16,
        136,
        0,
        0,
        9
    ],
    [
        42,
        20,
        109,
        255,
        0,
        12
    ],
    [
        42,
        19,
        72,
        255,
        0,
        13
    ],
    [
        42,
        18,
        70,
        255,
        0,
        20
    ],
    [
        42,
        17,
        81,
        255,
        0,
        42
    ],
    [
        43,
        19,
        131,
        255,
        0,
        43
    ],
    [
        43,
        18,
        102,
        255,
        0,
        53
    ],
    [
        43,
        17,
        53,
        255,
        64,
        3
    ],
    [
        41,
        23,
        198,
        0,
        3,
        41
    ],
    [
        40,
        22,
        194,
        0,
        3,
        56
    ],
    [
        40,
        21,
        129,
        0,
        0,
        1
    ],
    [
        41,
        21,
        123,
        0,
        0,
        2
    ],
    [
        41,
        22,
        101,
        0,
        0,
        10
    ],
    [
        42,
        22,
        104,
        0,
        0,
        26
    ],
    [
        42,
        23,
        112,
        0,
        0,
        28
    ],
    [
        42,
        24,
        120,
        0,
        0,
        38
    ],
    [
        40,
        15,
        202,
        0,
        3,
        3
    ],
    [
        41,
        14,
        195,
        0,
        3,
        14
    ],
    [
        42,
        13,
        191,
        0,
        3,
        48
    ],
    [
        41,
        15,
        72,
        255,
        3,
        52
    ],
    [
        42,
        14,
        140,
        0,
        0,
        49
    ],
    [
        42,
        12,
        142,
        0,
        0,
        4
    ],
    [
        43,
        13,
        119,
        0,
        0,
        17
    ],
    [
        41,
        15,
        111,
        0,
        0,
        29
    ],
    [
        42,
        16,
        122,
        255,
        0,
        44
    ],
    [
        43,
        16,
        77,
        255,
        0,
        55
    ],
    [
        30,
        2,
        97,
        0,
        48,
        1
    ],
    [
        30,
        3,
        96,
        0,
        48,
        2
    ],
    [
        31,
        4,
        92,
        0,
        48,
        4
    ],
    [
        33,
        6,
        125,
        0,
        0,
        11
    ],
    [
        35,
        7,
        131,
        0,
        0,
        30
    ],
    [
        37,
        8,
        106,
        0,
        0,
        54
    ],
    [
        35,
        38,
        112,
        0,
        32,
        2
    ],
    [
        36,
        37,
        104,
        0,
        32,
        4
    ],
    [
        36,
        38,
        101,
        255,
        32,
        6
    ],
    [
        45,
        20,
        210,
        2,
        3,
        40
    ],
    [
        45,
        15,
        97,
        255,
        0,
        27
    ],
    [
        38,
        8,
        98,
        2,
        83,
        1
    ],
    [
        45,
        16,
        95,
        5,
        0,
        23
    ],
    [
        31,
        1,
        52,
        6,
        48,
        5
    ],
    [
        45,
        20,
        98,
        9,
        0,
        34
    ],
    [
        45,
        19,
        96,
        10,
        0,
        35
    ],
    [
        32,
        1,
        55,
        11,
        64,
        4
    ],
    [
        45,
        17,
        104,
        20,
        0,
        51
    ],
    [
        45,
        18,
        101,
        24,
        7,
        50
    ],
    [
        29,
        32,
        100,
        4,
        4,
        7
    ],
    [
        27,
        31,
        103,
        5,
        4,
        11
    ],
    [
        24,
        38,
        110,
        7,
        0,
        41
    ],
    [
        23,
        38,
        101,
        9,
        0,
        42
    ],
    [
        20,
        38,
        92,
        11,
        0,
        43
    ],
    [
        15,
        38,
        103,
        13,
        0,
        44
    ],
    [
        0,
        20,
        105,
        7,
        0,
        45
    ],
    [
        0,
        8,
        107,
        12,
        0,
        46
    ],
    [
        0,
        18,
        111,
        8,
        0,
        47
    ],
    [
        0,
        10,
        88,
        10,
        0,
        48
    ],
    [
        0,
        14,
        117,
        10,
        1,
        9
    ],
    [
        0,
        33,
        84,
        14,
        1,
        13
    ],
    [
        0,
        11,
        109,
        15,
        1,
        14
    ],
    [
        0,
        15,
        89,
        16,
        1,
        15
    ],
    [
        0,
        20,
        105,
        18,
        1,
        16
    ],
    [
        0,
        10,
        93,
        7,
        2,
        7
    ],
    [
        21,
        28,
        62,
        0,
        1,
        2
    ],
    [
        21,
        27,
        104,
        0,
        0,
        19
    ],
    [
        30,
        14,
        101,
        0,
        0,
        18
    ],
    [
        30,
        13,
        67,
        0,
        2,
        1
    ],
    [
        39,
        28,
        104,
        0,
        0,
        27
    ],
    [
        38,
        28,
        84,
        0,
        1,
        10
    ],
    [
        23,
        31,
        127,
        0,
        0,
        22
    ],
    [
        19,
        24,
        112,
        0,
        0,
        21
    ],
    [
        34,
        22,
        111,
        0,
        0,
        13
    ],
    [
        34,
        21,
        91,
        0,
        1,
        6
    ],
    [
        31,
        34,
        79,
        0,
        4,
        9
    ],
    [
        27,
        6,
        69,
        0,
        0,
        2
    ],
    [
        33,
        37,
        108,
        0,
        4,
        1
    ],
    [
        41,
        24,
        118,
        0,
        0,
        8
    ],
    [
        40,
        23,
        137,
        0,
        0,
        11
    ],
    [
        39,
        23,
        70,
        0,
        1,
        1
    ],
    [
        42,
        25,
        85,
        0,
        1,
        7
    ],
    [
        39,
        20,
        130,
        0,
        0,
        3
    ],
    [
        39,
        22,
        91,
        0,
        0,
        4
    ],
    [
        39,
        18,
        131,
        0,
        0,
        10
    ],
    [
        39,
        17,
        71,
        0,
        1,
        5
    ],
    [
        39,
        21,
        86,
        0,
        1,
        8
    ],
    [
        37,
        20,
        75,
        0,
        2,
        3
    ],
    [
        39,
        19,
        90,
        0,
        2,
        6
    ],
    [
        39,
        16,
        123,
        0,
        0,
        5
    ],
    [
        39,
        15,
        124,
        0,
        0,
        6
    ],
    [
        40,
        14,
        151,
        0,
        0,
        12
    ],
    [
        41,
        13,
        128,
        0,
        0,
        26
    ],
    [
        41,
        12,
        88,
        0,
        1,
        3
    ],
    [
        39,
        11,
        77,
        0,
        1,
        4
    ],
    [
        36,
        9,
        79,
        0,
        1,
        11
    ],
    [
        34,
        8,
        80,
        0,
        2,
        5
    ],
    [
        32,
        6,
        126,
        0,
        0,
        9
    ],
    [
        35,
        9,
        79,
        0,
        1,
        12
    ],
    [
        30,
        4,
        91,
        0,
        2,
        4
    ],
    [
        28,
        2,
        84,
        0,
        2,
        2
    ],
    [
        25,
        6,
        72,
        1,
        0,
        7
    ],
    [
        29,
        14,
        86,
        1,
        4,
        2
    ],
    [
        32,
        22,
        76,
        1,
        0,
        14
    ],
    [
        33,
        36,
        99,
        1,
        4,
        4
    ],
    [
        26,
        23,
        67,
        1,
        0,
        15
    ],
    [
        21,
        8,
        78,
        2,
        0,
        16
    ],
    [
        29,
        33,
        121,
        2,
        0,
        20
    ],
    [
        0,
        28,
        114,
        2,
        0,
        6
    ],
    [
        28,
        30,
        105,
        3,
        0,
        24
    ],
    [
        21,
        20,
        122,
        3,
        0,
        40
    ],
    [
        21,
        28,
        127,
        4,
        0,
        29
    ],
    [
        21,
        33,
        129,
        4,
        0,
        30
    ],
    [
        20,
        27,
        105,
        5,
        0,
        31
    ],
    [
        20,
        30,
        111,
        5,
        0,
        32
    ],
    [
        12,
        8,
        112,
        6,
        0,
        33
    ],
    [
        0,
        10,
        127,
        6,
        0,
        37
    ],
    [
        0,
        32,
        119,
        7,
        0,
        43
    ],
    [
        0,
        11,
        89,
        8,
        0,
        49
    ],
    [
        0,
        25,
        108,
        8,
        0,
        50
    ],
    [
        0,
        12,
        113,
        8,
        0,
        52
    ],
    [
        0,
        23,
        105,
        9,
        0,
        54
    ],
    [
        0,
        13,
        94,
        9,
        0,
        55
    ],
    [
        21,
        29,
        103,
        5,
        114,
        1
    ],
    [
        25,
        30,
        97,
        5,
        0,
        34
    ],
    [
        0,
        31,
        108,
        2,
        112,
        1
    ],
    [
        0,
        15,
        110,
        9,
        112,
        2
    ],
    [
        0,
        27,
        111,
        10,
        112,
        3
    ],
    [
        0,
        17,
        96,
        10,
        112,
        4
    ],
    [
        0,
        25,
        109,
        6,
        0,
        39
    ],
    [
        0,
        11,
        112,
        11,
        0,
        59
    ],
    [
        0,
        23,
        95,
        5,
        0,
        60
    ],
    [
        0,
        19,
        93,
        17,
        0,
        61
    ],
    [
        0,
        21,
        114,
        2,
        114,
        2
    ],
    [
        0,
        33,
        103,
        11,
        1,
        1
    ],
    [
        0,
        28,
        107,
        20,
        113,
        1
    ],
    [
        0,
        13,
        105,
        21,
        112,
        5
    ],
    [
        0,
        26,
        92,
        22,
        1,
        2
    ],
    [
        0,
        10,
        109,
        23,
        112,
        6
    ],
    [
        0,
        29,
        101,
        24,
        1,
        3
    ],
    [
        0,
        35,
        106,
        26,
        1,
        4
    ],
    [
        0,
        27,
        95,
        28,
        0,
        38
    ],
    [
        0,
        15,
        99,
        30,
        0,
        36
    ],
    [
        38,
        30,
        101,
        2,
        0,
        35
    ],
    [
        21,
        22,
        118,
        3,
        0,
        28
    ],
    [
        12,
        8,
        106,
        3,
        0,
        25
    ],
    [
        20,
        13,
        112,
        3,
        0,
        23
    ],
    [
        21,
        14,
        104,
        3,
        0,
        17
    ],
    [
        20,
        28,
        185,
        6,
        4,
        8
    ],
    [
        15,
        3,
        108,
        6,
        4,
        10
    ],
    [
        21,
        3,
        94,
        4,
        4,
        3
    ],
    [
        20,
        3,
        102,
        4,
        4,
        5
    ],
    [
        19,
        2,
        98,
        4,
        4,
        6
    ]
]